Ma tran 1: 
[ 4 52 24 73 26 52 82 ]
[ 93 42 5 61 12 76 83 ]
[ 30 10 24 65 35 38 15 ]
[ 54 25 37 51 24 62 95 ]
[ 81 50 19 55 4 47 65 ]
[ 2 47 23 11 8 99 41 ]
[ 82 19 45 35 69 30 9 ]
Ma tran 2: 
[ 45 28 77 46 4 53 5 ]
[ 13 91 91 86 98 5 48 ]
[ 64 58 21 47 66 98 30 ]
[ 8 88 65 76 41 67 65 ]
[ 41 47 92 19 88 59 62 ]
[ 39 41 50 86 8 33 95 ]
[ 43 12 53 80 57 12 35 ]


Ma tran chuyen vi 1: 
[ 4 93 30 54 81 2 82 ]
[ 52 42 10 25 50 47 19 ]
[ 24 5 24 37 19 23 45 ]
[ 73 61 65 51 55 11 35 ]
[ 26 12 35 24 4 8 69 ]
[ 52 76 38 62 47 99 30 ]
[ 82 83 15 95 65 41 9 ]
Ma tran chuyen vi 2: 
[ 45 13 64 8 41 39 43 ]
[ 28 91 58 88 47 41 12 ]
[ 77 91 21 65 92 50 53 ]
[ 46 86 47 76 19 86 80 ]
[ 4 98 66 41 88 8 57 ]
[ 53 5 98 67 59 33 12 ]
[ 5 48 30 65 62 95 35 ]

Duong cheo chinh ma tran 1: 
[4, 42, 24, 51, 4, 99, 9]
Duong cheo chinh ma tran 2: 
[45, 91, 21, 76, 88, 33, 35]

Duong cheo phu ma tran 1: 
[82, 76, 35, 51, 19, 47, 82]
Duong cheo phu ma tran 2: 
[5, 5, 66, 76, 92, 41, 43]
Tong 2 ma tran: 
[ 49 80 101 119 30 105 87 ]
[ 106 133 96 147 110 81 131 ]
[ 94 68 45 112 101 136 45 ]
[ 62 113 102 127 65 129 160 ]
[ 122 97 111 74 92 106 127 ]
[ 41 88 73 97 16 132 136 ]
[ 125 31 98 115 126 42 44 ]

Hieu 2 ma tran: 
[ -41 24 -53 27 22 -1 77 ]
[ 80 -49 -86 -25 -86 71 35 ]
[ -34 -48 3 18 -31 -60 -15 ]
[ 46 -63 -28 -25 -17 -5 30 ]
[ 40 3 -73 36 -84 -12 3 ]
[ -37 6 -27 -75 0 66 -54 ]
[ 39 7 -8 -45 12 18 -26 ]

Tich 2 ma tran: 
[ 9665 17092 19712 22933 17122 11972 17488 ]
[ 12570 16845 24410 26234 13776 13971 17554 ]
[ 7109 12248 13938 13476 9669 11875 11884 ]
[ 13108 15328 20894 23717 15252 14681 16657 ]
[ 10779 15729 21014 22433 13181 12669 13976 ]
[ 8250 11645 13524 18024 10491 7570 15028 ]
[ 11493 14396 19650 14867 13440 16419 12459 ]

So nguyen to trong ma tran 1: 
[73, 5, 61, 83, 37, 19, 47, 2, 47, 23, 11, 41, 19]
So nguyen to trong ma tran 2: 
[53, 5, 13, 5, 47, 41, 67, 41, 47, 19, 59, 41, 43, 53]